   0.0000000000000000       0.23295432594209434       0.23846370638018011       0.24937229846514677       0.26131107498906003       0.27989033187208323       0.30535094148324909       0.34403216241016304       0.40998009955186598       0.52347025627895483       0.70140455292056580       0.88740215131839051        1.3107096692328883E-003   1.1725603826857572E-003   1.3569947996281443E-003   1.2685519052925110E-003   1.6797015261540518E-003   3.3809942722475192E-003   2.2431781386974344E-003   3.4073066181696536E-003   4.1313089585265604E-003   5.8648110750988761E-003   4.7739817398398058E-003
  0.31415926535897931       0.22694742222657324       0.23333536991808165       0.24491116726828935       0.25691294418137139       0.27470889854006703       0.30251741296465051       0.34280177980970483       0.40814488182310948       0.52688141768177899       0.70419922975882743       0.89118719019907522        1.1640982958620570E-003   1.1977318232193042E-003   1.2530699770498795E-003   1.1739281065433502E-003   1.5373624470950292E-003   3.0974304443125980E-003   2.1916614623997020E-003   3.0324084639960277E-003   4.0074459709472819E-003   5.8991265979613482E-003   6.2412553532953325E-003
  0.62831853071795862       0.21494664467613503       0.22388657729881334       0.23433234022257290       0.24736342380962656       0.26720168549255524       0.29706454503282237       0.33852363148299575       0.40574544963499032       0.52520108362586260       0.70389190249780320       0.89556278459086036        1.2069174681304052E-003   1.0694845813807898E-003   1.0124061892407463E-003   1.0182162016667586E-003   1.8182418443344010E-003   2.5083883873419435E-003   2.6034442673979839E-003   2.9872293218084372E-003   4.5853343322394052E-003   6.0928693192148428E-003   6.2728214089857849E-003
  0.94247779607693793       0.20443473855132949       0.21266382125611691       0.22354178916924369       0.23906998480649019       0.25909777609045975       0.29109582903938380       0.33476364530162350       0.40396282205015271       0.52273121416598256       0.70733335909910977       0.90095023184394385        1.2490627520009281E-003   1.1266508627739980E-003   7.5516764015917464E-004   9.5030127898543758E-004   1.5006489096820535E-003   2.9825027603848399E-003   2.8233966227978807E-003   2.4820621304792309E-003   4.4594501394699376E-003   6.0093877735043792E-003   6.6325816098669966E-003
   1.2566370614359172       0.19723211475228078       0.20461553970285004       0.21595228001796268       0.23339509184233156       0.25412659858015574       0.28696332533785751       0.33245591836902738       0.40405685093233473       0.52197938223672202       0.71119814007963056       0.90776335111984696        1.5847199415529045E-003   1.0860807844359133E-003   8.3159236218493583E-004   9.6343353998453926E-004   1.8257692480182857E-003   2.1252921891151554E-003   2.3815707720266370E-003   2.3720307357541996E-003   4.1773493307281874E-003   6.0396781406324585E-003   6.5638804198497420E-003
   1.5707963267948966       0.19393820196764172       0.19937120628729671       0.21274111607126403       0.23061890142876795       0.25158765304681890       0.28386213830615764       0.32900548899693499       0.40396148018406813       0.52282814415000833       0.71161661486028438       0.90925312248717793        1.0001970680284407E-003   1.0873722588786677E-003   2.3384586347243146E-003   1.1314806985015789E-003   1.5567358429580578E-003   1.8985630427822428E-003   2.5354872463906309E-003   2.3406821643817319E-003   4.0708105918051719E-003   6.1448575228827884E-003   6.7636320562540946E-003
   1.8849555921538759       0.19534269409691976       0.20152910034522456       0.21559083172568405       0.23287391798152590       0.25414450167116553       0.28489560502160993       0.33141117444694629       0.40349201902049575       0.52026128353521706       0.70859363989237367       0.90601921964867571        1.0533166918378970E-003   9.1190971358749457E-004   1.6835049111829684E-003   1.2868380355956467E-003   1.6799976283544181E-003   1.9814010831825366E-003   2.0859654671840496E-003   2.8993098834535027E-003   4.3915186354386796E-003   6.1367015928022592E-003   7.4118450510690199E-003
   2.1991148575128552       0.20413900993427223       0.21238758753637155       0.22419661326411969       0.23855621966366097       0.25892667862306834       0.28852166296382581       0.33237358324751959       0.40487458079605604       0.51873718457243145       0.70562382533941481       0.90113406160089227        1.7395506136393484E-003   1.0880364412024412E-003   1.6430378245780876E-003   1.4722623354361274E-003   1.6983296291750744E-003   1.9665125249015156E-003   2.0055795675057372E-003   2.8235523309329161E-003   4.4286878548936296E-003   6.5968544134047428E-003   7.1401555251078214E-003
   2.5132741228718345       0.21422708358055045       0.22323152982489378       0.23358241551677220       0.24694722964360896       0.26591015823430503       0.29523434135070231       0.33635784155122267       0.40651857068061242       0.51708547013733930       0.70405923472876242       0.89713603790227514        1.0864745521709511E-003   1.5769937294414632E-003   1.4878345230692315E-003   1.6252611076188396E-003   2.2376682962537147E-003   2.3876556723126593E-003   2.0108567727070018E-003   3.6378051543604030E-003   4.5139756303931881E-003   6.5564200681339857E-003   7.4449385121168211E-003
   2.8274333882308138       0.22540898726284989       0.23065947760350045       0.24264259439943567       0.25450060178215650       0.27339209516953189       0.30146550092139635       0.34074183891928611       0.41049761477650981       0.51782021493259323       0.70272626472561339       0.89586401895641110        1.4444128687200234E-003   1.2458430970819904E-003   1.2483121476518154E-003   1.5263501426616395E-003   2.3505469508610711E-003   2.5406696449025465E-003   2.4536602592393152E-003   4.8071772969529606E-003   4.7097468627350465E-003   6.7445763070120360E-003   7.2833282623870118E-003
   3.1415926535897931       0.22949704916990357       0.23457290838379696       0.24626484130860435       0.25896926878812820       0.27394318495638748       0.30370010099481559       0.34201292921254822       0.41138857924561517       0.51970022822750073       0.70218879628284536       0.89518262961609441        1.4718535603855346E-003   1.5426998231970060E-003   1.8370232533525025E-003   1.3529962457789254E-003   2.7898890584246300E-003   2.5471197757576470E-003   2.3775022343589902E-003   3.9581239274620247E-003   5.2684543244986117E-003   7.5861191450732023E-003   6.6561545900755926E-003
   3.4557519189487724       0.22528695038394930       0.23309697901141491       0.24342602192155091       0.25493214902973654       0.27289672819498922       0.30114571259891415       0.33993388201980862       0.41218208203302614       0.51988734039447393       0.70089356249499857       0.89571336745733354        1.3418144172128699E-003   1.2613268152328833E-003   1.1463299570567285E-003   1.4082116672480020E-003   1.9977431366546817E-003   2.6083505857463457E-003   2.3781490636720437E-003   3.6013465378219836E-003   4.6545773453966453E-003   7.4544767809712979E-003   6.8850781407917691E-003
   3.7699111843077517       0.21475539044164940       0.22358758099379458       0.23266123783900056       0.24707010644048955       0.26602900479744856       0.29568567831032833       0.33566992416580560       0.40814129479802158       0.51914074008689159       0.70375697589342978       0.89930815629591665        1.2833799881552018E-003   1.1551259415270001E-003   1.2031125162198231E-003   1.1287992113296181E-003   1.4400811403407065E-003   2.5875552477588586E-003   2.0823218386257585E-003   3.4996762457224690E-003   4.2635122523502055E-003   6.7475685128079929E-003   6.8166370408833978E-003
   4.0840704496667311       0.20386771035178650       0.21199362391859411       0.22338060238229521       0.23960919171151271       0.25852415296648046       0.28965511434423313       0.33297982600313197       0.40614211384904292       0.52173118949692843       0.70552649233717823       0.90270990895449221        1.1036855453833514E-003   9.1004455808694844E-004   9.8348983057161858E-004   1.4898633762927894E-003   1.7615772629738034E-003   2.3144752777327833E-003   2.0909450403873821E-003   3.7057238663179837E-003   4.4887188690304483E-003   7.1023810769411397E-003   6.6913725669164046E-003
   4.3982297150257104       0.19420445765210423       0.20302775191906561       0.21767644065102010       0.23211562541487257       0.25306144346363435       0.28394867059277462       0.33086386269683932       0.40460992979121729       0.52246757302213320       0.70981934017565973       0.90759998964116562        8.6211812916183015E-004   1.1444890617055227E-003   1.1861753515781163E-003   1.3766867079199057E-003   1.8100556987991510E-003   2.6083997522861604E-003   1.8985233542975959E-003   4.0115007671370504E-003   4.7040398137835710E-003   7.0509949379748372E-003   7.2113710297453410E-003
   4.7123889803846897       0.19228541570212912       0.20085006140035977       0.21475231930155578       0.23082778000587345       0.25190278198851451       0.28176628546520988       0.33059870109859291       0.40447830890081360       0.52595347230851108       0.71164190289336571       0.90783893822095918        9.0244970512899376E-004   1.2458759020725040E-003   1.1006879796707665E-003   1.5708080769808170E-003   1.5614963811379935E-003   3.1942367459869099E-003   1.8422903840669400E-003   4.0601188025819034E-003   4.4055619947385629E-003   6.5490235530448583E-003   6.9198144670435295E-003
   5.0265482457436690       0.19564749746992174       0.20367809466759867       0.21606053251401297       0.23283110310020405       0.25481763291885029       0.28241503554321068       0.33325240950618096       0.40525023070683575       0.52473520738335888       0.70972414572778664       0.90628806092416958        8.9915244967625724E-004   1.5593255069606307E-003   1.0656262415088972E-003   1.6207469221880722E-003   1.4202973173729925E-003   3.3694482286027137E-003   2.0071915456701091E-003   4.1295289486110815E-003   4.1557857446669058E-003   6.2580330530043211E-003   6.0478406216066642E-003
   5.3407075111026483       0.20282252655865421       0.21067811599484532       0.22367113681082623       0.23952289686965714       0.26100744114956143       0.28805950411318659       0.33520481692751530       0.40478583877576829       0.52226925380784373       0.70629128121161644       0.90014359869674299        1.3413993892512971E-003   1.2963456624103600E-003   1.1349501021445439E-003   1.6286784081635606E-003   1.3037501077427084E-003   2.8495663175362347E-003   2.3154688037691803E-003   4.0557207584735024E-003   3.6852245640871814E-003   5.9871350455767101E-003   6.2900777565122988E-003
   5.6548667764616276       0.21626812892225442       0.22119742625950167       0.23398299000838632       0.24897548346785076       0.26978096943918839       0.29403288270470884       0.33778558401471509       0.40619079785202611       0.52208821558321827       0.70333374849294950       0.89605680916969033        1.1609785680530556E-003   1.1270662590315240E-003   1.6800727815013989E-003   1.4304090381160365E-003   1.4252094691847377E-003   2.5284742515055362E-003   2.1907417933850902E-003   3.6199081587947189E-003   3.9535798856682163E-003   6.0284131884651097E-003   6.0684718082970679E-003
   5.9690260418206069       0.22756007654248417       0.23256858492747376       0.24146506288010255       0.25514431162499218       0.27540640751359879       0.29945627093113358       0.34139426000662160       0.40976153141710336       0.52302985788008949       0.70438830488629478       0.89418735418023887        1.1715072471487936E-003   1.2395894651413477E-003   1.9041349342120090E-003   1.3897505429796592E-003   1.5514899979724164E-003   3.3285087015262750E-003   2.2330266013753583E-003   3.6528957470994966E-003   3.9976687082236275E-003   6.3405632999006282E-003   6.0446774886184418E-003
