   0.0000000000000000        5.7432728380243409E-002   3.5786501279606978E-004
 -0.29999999999999999        6.8496384490552439E-002   5.2407343390458935E-004
 -0.59999999999999998        9.0557701028145809E-002   9.3135694506985120E-004
 -0.90000000000000002       0.14101754278408909        1.5987267741760878E-003
  -1.2000000000000000       0.35371437181500714        7.4576673305822216E-003
  -1.5000000000000000       0.87816372337858106        1.9613829365981170E-003
  -1.8000000000000000        1.1054660722677765        6.1269227013889158E-004
  -2.1000000000000001        1.2672832349748027        4.2587021087621874E-004
  -2.3999999999999999        1.4008210563775121        3.8708237568480360E-004
  -2.7000000000000002        1.5135934460486065        4.8628915539749070E-003
  -3.0000000000000000        1.6246089974529017        3.4541183646630280E-004
